-1.46699        -3.22702        15.1624 30.5554         3.54482         8.61972
-1.46699        -3.22702        15.1624 10.6684         3.54482         3.00956
-1.46699        -3.22702        15.1624 23.3955         3.54482         6.5999
-1.46699        -3.22702        15.1624 33.2172         3.54482         9.37063
-1.46699        -3.22702        15.1624 16.9352         3.54482         4.77743
-1.46699        -3.22702        15.1624 4.02948         3.54482         1.13672
-1.46699        -3.22702        15.1624 20.0921         3.54482         5.66802
-1.46699        -3.22702        15.1624 12.3608         3.54482         3.487
-1.46699        -3.22702        15.1624 9.44942         3.54482         2.6657
0.547179        -5.23769        15.3482 39.6879         5.26619         7.53636
0.547179        -5.23769        15.3482 32.4203         5.26619         6.15631
0.547179        -5.23769        15.3482 31.5909         5.26619         5.99882
0.547179        -5.23769        15.3482 22.9351         5.26619         4.35516
0.547179        -5.23769        15.3482 19.5535         5.26619         3.71303
0.547179        -5.23769        15.3482 14.5233         5.26619         2.75785
0.547179        -5.23769        15.3482 10.4847         5.26619         1.99094
0.547179        -5.23769        15.3482 3.64822         5.26619         0.692762
0.547179        -5.23769        15.3482 4.32151         5.26619         0.820614
0.547179        -5.23769        15.3482 26.1683         5.26619         4.9691
0.547179        -5.23769        15.3482 2.56865         5.26619         0.487762
0.547179        -5.23769        15.3482 18.6578         5.26619         3.54294
0.547179        -5.23769        15.3482 33.8118         5.26619         6.42055
0.547179        -5.23769        15.3482 32.835          5.26619         6.23506
0.547179        -5.23769        15.3482 2.3427          5.26619         0.444857
0.547179        -5.23769        15.3482 26.6477         5.26619         5.06015
0.547179        -5.23769        15.3482 14.8287         5.26619         2.81584
0.547179        -5.23769        15.3482 9.44941         5.26619         1.79435
6.69949 -8.40692        10.7901 23.1276         10.7499         2.15144
6.69949 -8.40692        10.7901 16.885          10.7499         1.57072
6.69949 -8.40692        10.7901 22.273          10.7499         2.07193
6.69949 -8.40692        10.7901 10.1743         10.7499         0.946457
6.69949 -8.40692        10.7901 10.1665         10.7499         0.945735
6.69949 -8.40692        10.7901 9.30832         10.7499         0.865901
6.69949 -8.40692        10.7901 7.86046         10.7499         0.731215
6.69949 -8.40692        10.7901 6.81223         10.7499         0.633704
6.69949 -8.40692        10.7901 4.56674         10.7499         0.424818
6.69949 -8.40692        10.7901 39.0854         10.7499         3.6359
6.69949 -8.40692        10.7901 3.88312         10.7499         0.361225
6.69949 -8.40692        10.7901 18.8751         10.7499         1.75584
6.69949 -8.40692        10.7901 67.9015         10.7499         6.3165
6.69949 -8.40692        10.7901 16.8524         10.7499         1.56768
6.69949 -8.40692        10.7901 35.4839         10.7499         3.30087
6.69949 -8.40692        10.7901 17.9636         10.7499         1.67106
6.69949 -8.40692        10.7901 29.3856         10.7499         2.73358
6.69949 -8.40692        10.7901 25.923          10.7499         2.41148
1.0866  -7.19761        25.8353 57.7461         7.27916         7.93307
1.0866  -7.19761        25.8353 48.0708         7.27916         6.60389
1.0866  -7.19761        25.8353 47.3173         7.27916         6.50038
1.0866  -7.19761        25.8353 35.5257         7.27916         4.88047
1.0866  -7.19761        25.8353 31.1904         7.27916         4.28488
1.0866  -7.19761        25.8353 24.6927         7.27916         3.39225
1.0866  -7.19761        25.8353 19.4322         7.27916         2.66957
1.0866  -7.19761        25.8353 10.6082         7.27916         1.45734
1.0866  -7.19761        25.8353 5.80237         7.27916         0.79712
1.0866  -7.19761        25.8353 39.0854         7.27916         5.36949
1.0866  -7.19761        25.8353 29.2344         7.27916         4.01618
1.0866  -7.19761        25.8353 49.969          7.27916         6.86466
1.0866  -7.19761        25.8353 51.5353         7.27916         7.07984
1.0866  -7.19761        25.8353 1.56783         7.27916         0.215386
1.0866  -7.19761        25.8353 41.7401         7.27916         5.73418
1.0866  -7.19761        25.8353 25.5818         7.27916         3.51439
1.0866  -7.19761        25.8353 8.26294         7.27916         1.13515
1.0866  -7.19761        25.8353 4.04951         7.27916         0.556315
5.11892 -7.00313        10.6373 23.0356         8.67451         2.65555
5.11892 -7.00313        10.6373 17.4052         8.67451         2.00647
5.11892 -7.00313        10.6373 21.3603         8.67451         2.46242
5.11892 -7.00313        10.6373 11.1394         8.67451         1.28416
5.11892 -7.00313        10.6373 10.7029         8.67451         1.23384
5.11892 -7.00313        10.6373 9.41548         8.67451         1.08542
5.11892 -7.00313        10.6373 7.8099          8.67451         0.900327
5.11892 -7.00313        10.6373 6.14921         8.67451         0.708882
5.11892 -7.00313        10.6373 3.99221         8.67451         0.460223
5.11892 -7.00313        10.6373 3.88312         8.67451         0.447647
5.11892 -7.00313        10.6373 29.2344         8.67451         3.37015
5.11892 -7.00313        10.6373 19.0822         8.67451         2.1998
5.11892 -7.00313        10.6373 55.9077         8.67451         6.44505
5.11892 -7.00313        10.6373 12.4492         8.67451         1.43514
5.11892 -7.00313        10.6373 30.6874         8.67451         3.53766
5.11892 -7.00313        10.6373 15.9776         8.67451         1.84191
5.11892 -7.00313        10.6373 22.8002         8.67451         2.62842
5.11892 -7.00313        10.6373 18.9871         8.67451         2.18884
8.04027 -7.27202        1.31837 1.68099         10.841          0.155058
8.04027 -7.27202        1.31837 1.62754         10.841          0.150127
8.04027 -7.27202        1.31837 5.6246          10.841          0.518825
8.04027 -7.27202        1.31837 4.14865         10.841          0.38268
8.04027 -7.27202        1.31837 2.06496         10.841          0.190476
8.04027 -7.27202        1.31837 0.0242949               10.841          0.00224101
8.04027 -7.27202        1.31837 0.665078                10.841          0.0613482
8.04027 -7.27202        1.31837 3.58625         10.841          0.330803
8.04027 -7.27202        1.31837 3.0363          10.841          0.280075
8.04027 -7.27202        1.31837 18.8751         10.841          1.74107
8.04027 -7.27202        1.31837 49.969          10.841          4.60924
8.04027 -7.27202        1.31837 19.0822         10.841          1.76018
8.04027 -7.27202        1.31837 61.9217         10.841          5.71178
8.04027 -7.27202        1.31837 22.3021         10.841          2.05719
8.04027 -7.27202        1.31837 25.2075         10.841          2.32519
8.04027 -7.27202        1.31837 10.6118         10.841          0.978852
8.04027 -7.27202        1.31837 33.5779         10.841          3.09729
8.04027 -7.27202        1.31837 35.097          10.841          3.23742
6.94579 1.41932 -30.6554        69.8254         7.08932         9.84938
6.94579 1.41932 -30.6554        61.248          7.08932         8.63946
6.94579 1.41932 -30.6554        52.8348         7.08932         7.45273
6.94579 1.41932 -30.6554        48.3022         7.08932         6.81337
6.94579 1.41932 -30.6554        40.7809         7.08932         5.75243
6.94579 1.41932 -30.6554        30.6243         7.08932         4.31978
6.94579 1.41932 -30.6554        23.3945         7.08932         3.29996
6.94579 1.41932 -30.6554        9.44702         7.08932         1.33257
6.94579 1.41932 -30.6554        4.05883         7.08932         0.572527
6.94579 1.41932 -30.6554        67.9015         7.08932         9.57799
6.94579 1.41932 -30.6554        51.5353         7.08932         7.26943
6.94579 1.41932 -30.6554        55.9077         7.08932         7.88618
6.94579 1.41932 -30.6554        61.9217         7.08932         8.7345
6.94579 1.41932 -30.6554        24.9441         7.08932         3.51854
6.94579 1.41932 -30.6554        25.7267         7.08932         3.62893
6.94579 1.41932 -30.6554        20.7566         7.08932         2.92787
6.94579 1.41932 -30.6554        24.3909         7.08932         3.44052
6.94579 1.41932 -30.6554        41.2153         7.08932         5.81372
0.73724 -3.4406 11.5721 25.826          3.5187          7.33963
0.73724 -3.4406 11.5721 21.4039         3.5187          6.08289
0.73724 -3.4406 11.5721 21.2951         3.5187          6.05199
0.73724 -3.4406 11.5721 15.7256         3.5187          4.46916
0.73724 -3.4406 11.5721 13.8561         3.5187          3.93784
0.73724 -3.4406 11.5721 11.0201         3.5187          3.13186
0.73724 -3.4406 11.5721 8.69384         3.5187          2.47075
0.73724 -3.4406 11.5721 4.84716         3.5187          1.37754
0.73724 -3.4406 11.5721 2.68498         3.5187          0.76306
0.73724 -3.4406 11.5721 16.8524         3.5187          4.78937
0.73724 -3.4406 11.5721 1.56783         3.5187          0.44557
0.73724 -3.4406 11.5721 12.4492         3.5187          3.538
0.73724 -3.4406 11.5721 22.3021         3.5187          6.33818
0.73724 -3.4406 11.5721 24.9441         3.5187          7.089
0.73724 -3.4406 11.5721 19.4203         3.5187          5.51917
0.73724 -3.4406 11.5721 11.7506         3.5187          3.33948
0.73724 -3.4406 11.5721 4.74145         3.5187          1.3475
0.73724 -3.4406 11.5721 0.706168                3.5187          0.20069
6.16805 -2.44352        -11.9317        27.7267         6.63443         4.17921
6.16805 -2.44352        -11.9317        25.6095         6.63443         3.86009
6.16805 -2.44352        -11.9317        19.1715         6.63443         2.88971
6.16805 -2.44352        -11.9317        21.3869         6.63443         3.22362
6.16805 -2.44352        -11.9317        17.4593         6.63443         2.63162
6.16805 -2.44352        -11.9317        12.4769         6.63443         1.88063
6.16805 -2.44352        -11.9317        9.24729         6.63443         1.39383
6.16805 -2.44352        -11.9317        2.35578         6.63443         0.355085
6.16805 -2.44352        -11.9317        0.390804                6.63443         0.0589055
6.16805 -2.44352        -11.9317        35.4839         6.63443         5.34845
6.16805 -2.44352        -11.9317        41.7401         6.63443         6.29143
6.16805 -2.44352        -11.9317        30.6874         6.63443         4.62549
6.16805 -2.44352        -11.9317        25.2075         6.63443         3.79951
6.16805 -2.44352        -11.9317        25.7267         6.63443         3.87775
6.16805 -2.44352        -11.9317        19.4203         6.63443         2.9272
6.16805 -2.44352        -11.9317        4.04087         6.63443         0.609076
6.16805 -2.44352        -11.9317        23.8799         6.63443         3.59939
6.16805 -2.44352        -11.9317        31.3601         6.63443         4.72687
3.88549 -2.1944 -4.81162        11.4028         4.46233         2.55534
3.88549 -2.1944 -4.81162        11.0419         4.46233         2.47446
3.88549 -2.1944 -4.81162        7.16912         4.46233         1.60658
3.88549 -2.1944 -4.81162        9.66842         4.46233         2.16667
3.88549 -2.1944 -4.81162        7.68098         4.46233         1.72129
3.88549 -2.1944 -4.81162        5.25636         4.46233         1.17794
3.88549 -2.1944 -4.81162        3.78627         4.46233         0.848496
3.88549 -2.1944 -4.81162        0.416839                4.46233         0.0934128
3.88549 -2.1944 -4.81162        0.322214                4.46233         0.0722074
3.88549 -2.1944 -4.81162        17.9636         4.46233         4.02561
3.88549 -2.1944 -4.81162        25.5818         4.46233         5.73283
3.88549 -2.1944 -4.81162        15.9776         4.46233         3.58056
3.88549 -2.1944 -4.81162        10.6118         4.46233         2.37808
3.88549 -2.1944 -4.81162        20.7566         4.46233         4.65151
3.88549 -2.1944 -4.81162        11.7506         4.46233         2.63329
3.88549 -2.1944 -4.81162        4.04087         4.46233         0.905551
3.88549 -2.1944 -4.81162        15.4355         4.46233         3.45907
3.88549 -2.1944 -4.81162        18.828          4.46233         4.21932
-0.599388       -3.63409        17.1426 38.5259         3.68319         10.4599
-0.599388       -3.63409        17.1426 32.5714         3.68319         8.84327
-0.599388       -3.63409        17.1426 30.8659         3.68319         8.38021
-0.599388       -3.63409        17.1426 24.5584         3.68319         6.66769
-0.599388       -3.63409        17.1426 21.3006         3.68319         5.78319
-0.599388       -3.63409        17.1426 16.5969         3.68319         4.50612
-0.599388       -3.63409        17.1426 12.948          3.68319         3.51542
-0.599388       -3.63409        17.1426 6.5354          3.68319         1.77438
-0.599388       -3.63409        17.1426 3.39695         3.68319         0.922285
-0.599388       -3.63409        17.1426 29.3856         3.68319         7.9783
-0.599388       -3.63409        17.1426 8.26294         3.68319         2.24342
-0.599388       -3.63409        17.1426 22.8002         3.68319         6.19034
-0.599388       -3.63409        17.1426 33.5779         3.68319         9.11651
-0.599388       -3.63409        17.1426 24.3909         3.68319         6.62223
-0.599388       -3.63409        17.1426 4.74145         3.68319         1.28732
-0.599388       -3.63409        17.1426 23.8799         3.68319         6.48347
-0.599388       -3.63409        17.1426 15.4355         3.68319         4.1908
-0.599388       -3.63409        17.1426 8.52486         3.68319         2.31453
1.41479 -5.64476        18.2529 40.6957         5.81935         6.99317
1.41479 -5.64476        18.2529 33.6319         5.81935         5.77932
1.41479 -5.64476        18.2529 33.6904         5.81935         5.78937
1.41479 -5.64476        18.2529 24.6162         5.81935         4.23006
1.41479 -5.64476        18.2529 21.74           5.81935         3.73582
1.41479 -5.64476        18.2529 17.3416         5.81935         2.97999
1.41479 -5.64476        18.2529 13.7026         5.81935         2.35466
1.41479 -5.64476        18.2529 7.74157         5.81935         1.33031
1.41479 -5.64476        18.2529 4.32151         5.81935         0.74261
1.41479 -5.64476        18.2529 25.923          5.81935         4.45462
1.41479 -5.64476        18.2529 4.04951         5.81935         0.695869
1.41479 -5.64476        18.2529 18.9871         5.81935         3.26275
1.41479 -5.64476        18.2529 35.097          5.81935         6.03109
1.41479 -5.64476        18.2529 41.2153         5.81935         7.08246
1.41479 -5.64476        18.2529 0.706167                5.81935         0.121348
1.41479 -5.64476        18.2529 31.3601         5.81935         5.38892
1.41479 -5.64476        18.2529 18.828          5.81935         3.23542
1.41479 -5.64476        18.2529 8.52486         5.81935         1.46492
-5.6129 1.20931 -24.0403        4.46692         5.7417          0.777978
-5.6129 1.20931 -24.0403        7.89963         5.7417          1.37584
-5.6129 1.20931 -24.0403        14.041          5.7417          2.44545
-5.6129 1.20931 -24.0403        13.734          5.7417          2.39197
-5.6129 1.20931 -24.0403        18.0616         5.7417          3.14568
-5.6129 1.20931 -24.0403        23.701          5.7417          4.12788
-5.6129 1.20931 -24.0403        27.5137         5.7417          4.79191
-5.6129 1.20931 -24.0403        35.2895         5.7417          6.14617
-5.6129 1.20931 -24.0403        37.8498         5.7417          6.59209
-5.6129 1.20931 -24.0403        39.0854         5.7417          6.80729
-5.6129 1.20931 -24.0403        5.9679          5.7417          1.0394
-5.6129 1.20931 -24.0403        7.99149         5.7417          1.39183
-5.6129 1.20931 -24.0403        55.4516         5.7417          9.6577
-5.6129 1.20931 -24.0403        20.6652         5.7417          3.59915
-5.6129 1.20931 -24.0403        32.8292         5.7417          5.71769
-5.6129 1.20931 -24.0403        31.4672         5.7417          5.48048
-5.6129 1.20931 -24.0403        17.9628         5.7417          3.12848
-5.6129 1.20931 -24.0403        9.11289         5.7417          1.58714
-1.58058        1.40378 -4.03592        3.97511         2.11396         1.88041
-1.58058        1.40378 -4.03592        3.36297         2.11396         1.59084
-1.58058        1.40378 -4.03592        4.7958          2.11396         2.26863
-1.58058        1.40378 -4.03592        2.91796         2.11396         1.38033
-1.58058        1.40378 -4.03592        3.34672         2.11396         1.58315
-1.58058        1.40378 -4.03592        3.77596         2.11396         1.7862
-1.58058        1.40378 -4.03592        3.93367         2.11396         1.86081
-1.58058        1.40378 -4.03592        4.54614         2.11396         2.15053
-1.58058        1.40378 -4.03592        4.45765         2.11396         2.10867
-1.58058        1.40378 -4.03592        3.88312         2.11396         1.83689
-1.58058        1.40378 -4.03592        5.9679          2.11396         2.82309
-1.58058        1.40378 -4.03592        3.67596         2.11396         1.7389
-1.58058        1.40378 -4.03592        15.8769         2.11396         7.51048
-1.58058        1.40378 -4.03592        0.52008         2.11396         0.246022
-1.58058        1.40378 -4.03592        8.67956         2.11396         4.10583
-1.58058        1.40378 -4.03592        5.8691          2.11396         2.77635
-1.58058        1.40378 -4.03592        2.70225         2.11396         1.27829
-1.58058        1.40378 -4.03592        3.05279         2.11396         1.44411
1.34078 1.1349  9.40332 2.57157         1.75661         1.46394
1.34078 1.1349  9.40332 0.362533                1.75661         0.206382
1.34078 1.1349  9.40332 2.2267          1.75661         1.26761
1.34078 1.1349  9.40332 4.55214         1.75661         2.59143
1.34078 1.1349  9.40332 6.6436          1.75661         3.78205
1.34078 1.1349  9.40332 9.54246         1.75661         5.43231
1.34078 1.1349  9.40332 11.6797         1.75661         6.64899
1.34078 1.1349  9.40332 15.6491         1.75661         8.90868
1.34078 1.1349  9.40332 17.3446         1.75661         9.87392
1.34078 1.1349  9.40332 18.8751         1.75661         10.7452
1.34078 1.1349  9.40332 7.99149         1.75661         4.54938
1.34078 1.1349  9.40332 3.67596         1.75661         2.09264
1.34078 1.1349  9.40332 12.8953         1.75661         7.34101
1.34078 1.1349  9.40332 13.4253         1.75661         7.64272
1.34078 1.1349  9.40332 8.59874         1.75661         4.89507
1.34078 1.1349  9.40332 11.5232         1.75661         6.55992
1.34078 1.1349  9.40332 14.6828         1.75661         8.35859
1.34078 1.1349  9.40332 9.70106         1.75661         5.5226
0.246299        9.82624 26.4559 25.0516         9.82933         2.54866
0.246299        9.82624 26.4559 10.2315         9.82933         1.04092
0.246299        9.82624 26.4559 7.20636         9.82933         0.733149
0.246299        9.82624 26.4559 9.42495         9.82933         0.958861
0.246299        9.82624 26.4559 16.9541         9.82933         1.72485
0.246299        9.82624 26.4559 27.9688         9.82933         2.84544
0.246299        9.82624 26.4559 36.6465         9.82933         3.72828
0.246299        9.82624 26.4559 51.6422         9.82933         5.25389
0.246299        9.82624 26.4559 59.2759         9.82933         6.03051
0.246299        9.82624 26.4559 67.9015         9.82933         6.90805
0.246299        9.82624 26.4559 55.4515         9.82933         5.64144
0.246299        9.82624 26.4559 15.8769         9.82933         1.61526
0.246299        9.82624 26.4559 12.8953         9.82933         1.31192
0.246299        9.82624 26.4559 59.8097         9.82933         6.08483
0.246299        9.82624 26.4559 6.69091         9.82933         0.680709
0.246299        9.82624 26.4559 29.1812         9.82933         2.96879
0.246299        9.82624 26.4559 72.8961         9.82933         7.41619
0.246299        9.82624 26.4559 52.6091         9.82933         5.35226
-5.96225        4.96632 -16.0703        14.154          7.75969         1.82404
-5.96225        4.96632 -16.0703        12.3335         7.75969         1.58943
-5.96225        4.96632 -16.0703        17.8302         7.75969         2.2978
-5.96225        4.96632 -16.0703        11.301          7.75969         1.45637
-5.96225        4.96632 -16.0703        13.1628         7.75969         1.6963
-5.96225        4.96632 -16.0703        15.1406         7.75969         1.95119
-5.96225        4.96632 -16.0703        16.019          7.75969         2.06438
-5.96225        4.96632 -16.0703        18.8174         7.75969         2.42502
-5.96225        4.96632 -16.0703        18.7341         7.75969         2.41429
-5.96225        4.96632 -16.0703        16.8524         7.75969         2.17178
-5.96225        4.96632 -16.0703        20.6652         7.75969         2.66315
-5.96225        4.96632 -16.0703        0.520081                7.75969         0.0670234
-5.96225        4.96632 -16.0703        13.4253         7.75969         1.73013
-5.96225        4.96632 -16.0703        59.8097         7.75969         7.70775
-5.96225        4.96632 -16.0703        32.9159         7.75969         4.24191
-5.96225        4.96632 -16.0703        23.0654         7.75969         2.97246
-5.96225        4.96632 -16.0703        7.79178         7.75969         1.00414
-5.96225        4.96632 -16.0703        9.77683         7.75969         1.25995
-0.531448       5.96339 12.7621 15.3704         5.98703         2.56729
-0.531448       5.96339 12.7621 7.0106          5.98703         1.17097
-0.531448       5.96339 12.7621 5.96064         5.98703         0.995593
-0.531448       5.96339 12.7621 3.92272         5.98703         0.655204
-0.531448       5.96339 12.7621 7.85805         5.98703         1.31251
-0.531448       5.96339 12.7621 13.6987         5.98703         2.28806
-0.531448       5.96339 12.7621 18.3761         5.98703         3.06933
-0.531448       5.96339 12.7621 26.3159         5.98703         4.39548
-0.531448       5.96339 12.7621 30.5263         5.98703         5.09875
-0.531448       5.96339 12.7621 35.4839         5.98703         5.92679
-0.531448       5.96339 12.7621 32.8292         5.98703         5.4834
-0.531448       5.96339 12.7621 8.67956         5.98703         1.44973
-0.531448       5.96339 12.7621 8.59874         5.98703         1.43623
-0.531448       5.96339 12.7621 6.69091         5.98703         1.11757
-0.531448       5.96339 12.7621 32.9159         5.98703         5.49788
-0.531448       5.96339 12.7621 13.4794         5.98703         2.25143
-0.531448       5.96339 12.7621 40.9896         5.98703         6.8464
-0.531448       5.96339 12.7621 30.0469         5.98703         5.01866
-2.814  6.21252 2.36188 16.5668         6.82012         2.42911
-2.814  6.21252 2.36188 9.96326         6.82012         1.46086
-2.814  6.21252 2.36188 11.4785         6.82012         1.68303
-2.814  6.21252 2.36188 1.87907         6.82012         0.275518
-2.814  6.21252 2.36188 0.116127                6.82012         0.0170271
-2.814  6.21252 2.36188 3.39894         6.82012         0.49837
-2.814  6.21252 2.36188 6.31689         6.82012         0.926215
-2.814  6.21252 2.36188 10.7346         6.82012         1.57396
-2.814  6.21252 2.36188 13.7191         6.82012         2.01156
-2.814  6.21252 2.36188 17.9636         6.82012         2.63392
-2.814  6.21252 2.36188 31.4672         6.82012         4.61389
-2.814  6.21252 2.36188 5.8691          6.82012         0.860557
-2.814  6.21252 2.36188 11.5232         6.82012         1.68959
-2.814  6.21252 2.36188 29.1812         6.82012         4.2787
-2.814  6.21252 2.36188 23.0654         6.82012         3.38196
-2.814  6.21252 2.36188 13.4794         6.82012         1.97641
-2.814  6.21252 2.36188 31.9137         6.82012         4.67935
-2.814  6.21252 2.36188 25.0586         6.82012         3.67422
-7.29888        4.77282 -23.0331        13.9873         8.72087         1.60389
-7.29888        4.77282 -23.0331        13.6991         8.72087         1.57085
-7.29888        4.77282 -23.0331        20.7926         8.72087         2.38424
-7.29888        4.77282 -23.0331        15.0015         8.72087         1.72018
-7.29888        4.77282 -23.0331        18.2515         8.72087         2.09286
-7.29888        4.77282 -23.0331        22.097          8.72087         2.53381
-7.29888        4.77282 -23.0331        24.2981         8.72087         2.7862
-7.29888        4.77282 -23.0331        29.6624         8.72087         3.40132
-7.29888        4.77282 -23.0331        30.5554         8.72087         3.50371
-7.29888        4.77282 -23.0331        29.3856         8.72087         3.36957
-7.29888        4.77282 -23.0331        17.9628         8.72087         2.05975
-7.29888        4.77282 -23.0331        2.70225         8.72087         0.30986
-7.29888        4.77282 -23.0331        14.6828         8.72087         1.68364
-7.29888        4.77282 -23.0331        72.8961         8.72087         8.35881
-7.29888        4.77282 -23.0331        7.79178         8.72087         0.893464
-7.29888        4.77282 -23.0331        40.9896         8.72087         4.70017
-7.29888        4.77282 -23.0331        31.9137         8.72087         3.65946
-7.29888        4.77282 -23.0331        5.06229         8.72087         0.58048
-5.28471        2.76216 -18.4602        8.35492         5.96303         1.40112
-5.28471        2.76216 -18.4602        9.17615         5.96303         1.53884
-5.28471        2.76216 -18.4602        14.5056         5.96303         2.43259
-5.28471        2.76216 -18.4602        11.4811         5.96303         1.92538
-5.28471        2.76216 -18.4602        14.3495         5.96303         2.40641
-5.28471        2.76216 -18.4602        17.8897         5.96303         3.00011
-5.28471        2.76216 -18.4602        20.0809         5.96303         3.36756
-5.28471        2.76216 -18.4602        24.9937         5.96303         4.19144
-5.28471        2.76216 -18.4602        26.1683         5.96303         4.38842
-5.28471        2.76216 -18.4602        25.923          5.96303         4.34729
-5.28471        2.76216 -18.4602        9.11288         5.96303         1.52823
-5.28471        2.76216 -18.4602        3.05279         5.96303         0.511953
-5.28471        2.76216 -18.4602        9.70106         5.96303         1.62687
-5.28471        2.76216 -18.4602        52.6091         5.96303         8.82256
-5.28471        2.76216 -18.4602        9.77683         5.96303         1.63958
-5.28471        2.76216 -18.4602        30.0468         5.96303         5.03886
-5.28471        2.76216 -18.4602        25.0586         5.96303         4.20233
-5.28471        2.76216 -18.4602        5.06229         5.96303         0.848947
4.03232 0.194475        14.0364 5.4761          4.03701         1.35647
4.03232 0.194475        14.0364 1.43124         4.03701         0.35453
4.03232 0.194475        14.0364 3.27735         4.03701         0.811825
4.03232 0.194475        14.0364 4.84813         4.03701         1.20092
4.03232 0.194475        14.0364 8.74694         4.03701         2.16669
4.03232 0.194475        14.0364 13.9572         4.03701         3.4573
4.03232 0.194475        14.0364 17.6121         4.03701         4.36266
4.03232 0.194475        14.0364 24.7754         4.03701         6.13707
4.03232 0.194475        14.0364 27.4242         4.03701         6.7932
4.03232 0.194475        14.0364 29.2344         4.03701         7.2416
4.03232 0.194475        14.0364 5.9679          4.03701         1.4783
4.03232 0.194475        14.0364 1.65237         4.03701         0.409305
4.03232 0.194475        14.0364 33.6068         4.03701         8.32467
4.03232 0.194475        14.0364 15.2174         4.03701         3.76948
4.03232 0.194475        14.0364 18.1818         4.03701         4.50377
4.03232 0.194475        14.0364 19.6302         4.03701         4.86257
4.03232 0.194475        14.0364 14.6971         4.03701         3.6406
4.03232 0.194475        14.0364 6.19778         4.03701         1.53524
6.95368 -0.0744114      25.4521 6.09615         6.95408         0.876629
6.95368 -0.0744114      25.4521 0.27067         6.95408         0.0389225
6.95368 -0.0744114      25.4521 8.27625         6.95408         1.19013
6.95368 -0.0744114      25.4521 10.2946         6.95408         1.48037
6.95368 -0.0744114      25.4521 16.7137         6.95408         2.40343
6.95368 -0.0744114      25.4521 25.252          6.95408         3.63125
6.95368 -0.0744114      25.4521 31.2019         6.95408         4.48685
6.95368 -0.0744114      25.4521 42.9471         6.95408         6.17581
6.95368 -0.0744114      25.4521 47.2029         6.95408         6.78781
6.95368 -0.0744114      25.4521 49.969          6.95408         7.18557
6.95368 -0.0744114      25.4521 7.99149         6.95408         1.14918
6.95368 -0.0744114      25.4521 1.65237         6.95408         0.237611
6.95368 -0.0744114      25.4521 60.3554         6.95408         8.67913
6.95368 -0.0744114      25.4521 26.099          6.95408         3.75305
6.95368 -0.0744114      25.4521 33.4365         6.95408         4.80818
6.95368 -0.0744114      25.4521 34.999          6.95408         5.03287
6.95368 -0.0744114      25.4521 24.6541         6.95408         3.54527
6.95368 -0.0744114      25.4521 10.8225         6.95408         1.55627
5.8592  8.61693 -4.95537        76.0363         10.4203         7.29697
5.8592  8.61693 -4.95537        57.7834         10.4203         5.5453
5.8592  8.61693 -4.95537        48.6169         10.4203         4.66561
5.8592  8.61693 -4.95537        32.2926         10.4203         3.09902
5.8592  8.61693 -4.95537        20.4359         10.4203         1.96117
5.8592  8.61693 -4.95537        3.78173         10.4203         0.362921
5.8592  8.61693 -4.95537        8.70862         10.4203         0.83574
5.8592  8.61693 -4.95537        31.4801         10.4203         3.02105
5.8592  8.61693 -4.95537        41.6741         10.4203         3.99934
5.8592  8.61693 -4.95537        51.5353         10.4203         4.94569
5.8592  8.61693 -4.95537        55.4516         10.4203         5.32152
5.8592  8.61693 -4.95537        33.6068         10.4203         3.22514
5.8592  8.61693 -4.95537        60.3554         10.4203         5.79212
5.8592  8.61693 -4.95537        25.0234         10.4203         2.40142
5.8592  8.61693 -4.95537        15.9314         10.4203         1.52889
5.8592  8.61693 -4.95537        5.1969          10.4203         0.49873
5.8592  8.61693 -4.95537        35.4073         10.4203         3.39793
5.8592  8.61693 -4.95537        6.27048         10.4203         0.601758
-0.349355       3.75701 -12.6953        30.3523         3.77322         8.04416
-0.349355       3.75701 -12.6953        25.0991         3.77322         6.65191
-0.349355       3.75701 -12.6953        24.4544         3.77322         6.48105
-0.349355       3.75701 -12.6953        18.2322         3.77322         4.83201
-0.349355       3.75701 -12.6953        15.7665         3.77322         4.17852
-0.349355       3.75701 -12.6953        12.1048         3.77322         3.20809
-0.349355       3.75701 -12.6953        9.17054         3.77322         2.43043
-0.349355       3.75701 -12.6953        4.1932          3.77322         1.11131
-0.349355       3.75701 -12.6953        1.54957         3.77322         0.410675
-0.349355       3.75701 -12.6953        1.56783         3.77322         0.415515
-0.349355       3.75701 -12.6953        20.6652         3.77322         5.47682
-0.349355       3.75701 -12.6953        15.2174         3.77322         4.03301
-0.349355       3.75701 -12.6953        26.099          3.77322         6.91692
-0.349355       3.75701 -12.6953        25.0234         3.77322         6.63186
-0.349355       3.75701 -12.6953        20.7519         3.77322         5.4998
-0.349355       3.75701 -12.6953        12.2634         3.77322         3.25011
-0.349355       3.75701 -12.6953        5.08932         3.77322         1.3488
-0.349355       3.75701 -12.6953        1.77551         3.77322         0.470556
5.08145 4.75408 3.97309 43.7327         6.95862         6.28468
5.08145 4.75408 3.97309 31.9402         6.95862         4.59002
5.08145 4.75408 3.97309 24.7488         6.95862         3.55657
5.08145 4.75408 3.97309 15.1725         6.95862         2.18039
5.08145 4.75408 3.97309 6.90963         6.95862         0.992959
5.08145 4.75408 3.97309 4.57046         6.95862         0.656805
5.08145 4.75408 3.97309 13.0606         6.95862         1.87689
5.08145 4.75408 3.97309 28.7761         6.95862         4.13531
5.08145 4.75408 3.97309 35.5469         6.95862         5.10832
5.08145 4.75408 3.97309 41.7401         6.95862         5.99832
5.08145 4.75408 3.97309 32.8292         6.95862         4.71778
5.08145 4.75408 3.97309 18.1818         6.95862         2.61284
5.08145 4.75408 3.97309 33.4365         6.95862         4.80504
5.08145 4.75408 3.97309 15.9314         6.95862         2.28945
5.08145 4.75408 3.97309 20.7519         6.95862         2.98219
5.08145 4.75408 3.97309 12.1174         6.95862         1.74135
5.08145 4.75408 3.97309 26.1231         6.95862         3.75407
5.08145 4.75408 3.97309 6.3305          6.95862         0.909734
2.7989  5.00321 -5.06508        43.5671         5.73288         7.59952
2.7989  5.00321 -5.06508        33.5309         5.73288         5.84887
2.7989  5.00321 -5.06508        28.9047         5.73288         5.04191
2.7989  5.00321 -5.06508        19.6123         5.73288         3.42102
2.7989  5.00321 -5.06508        13.2895         5.73288         2.31813
2.7989  5.00321 -5.06508        4.36728         5.73288         0.761795
2.7989  5.00321 -5.06508        2.36333         5.73288         0.412242
2.7989  5.00321 -5.06508        14.5568         5.73288         2.53918
2.7989  5.00321 -5.06508        20.1017         5.73288         3.50638
2.7989  5.00321 -5.06508        25.5818         5.73288         4.4623
2.7989  5.00321 -5.06508        31.4672         5.73288         5.48891
2.7989  5.00321 -5.06508        19.6302         5.73288         3.42415
2.7989  5.00321 -5.06508        34.999          5.73288         6.10496
2.7989  5.00321 -5.06508        5.1969          5.73288         0.906507
2.7989  5.00321 -5.06508        12.2634         5.73288         2.13913
2.7989  5.00321 -5.06508        12.1174         5.73288         2.11366
2.7989  5.00321 -5.06508        18.4092         5.73288         3.21117
2.7989  5.00321 -5.06508        2.70427         5.73288         0.471712
-1.68598        3.56351 -16.9556        27.4832         3.94223         6.97148
-1.68598        3.56351 -16.9556        23.7623         3.94223         6.02763
-1.68598        3.56351 -16.9556        24.7144         3.94223         6.26913
-1.68598        3.56351 -16.9556        19.2303         3.94223         4.87802
-1.68598        3.56351 -16.9556        18.1527         3.94223         4.60469
-1.68598        3.56351 -16.9556        16.3588         3.94223         4.14963
-1.68598        3.56351 -16.9556        14.7472         3.94223         3.74083
-1.68598        3.56351 -16.9556        12.3357         3.94223         3.12913
-1.68598        3.56351 -16.9556        10.6684         3.94223         2.70618
-1.68598        3.56351 -16.9556        8.26295         3.94223         2.09601
-1.68598        3.56351 -16.9556        17.9628         3.94223         4.5565
-1.68598        3.56351 -16.9556        14.6971         3.94223         3.72813
-1.68598        3.56351 -16.9556        24.6541         3.94223         6.25384
-1.68598        3.56351 -16.9556        35.4073         3.94223         8.98155
-1.68598        3.56351 -16.9556        5.08932         3.94223         1.29098
-1.68598        3.56351 -16.9556        26.1231         3.94223         6.62649
-1.68598        3.56351 -16.9556        18.4092         3.94223         4.66975
-1.68598        3.56351 -16.9556        3.78759         3.94223         0.960775
0.328191        1.55285 -3.53284        13.0009         1.58715         8.19132
0.328191        1.55285 -3.53284        10.3894         1.58715         6.54593
0.328191        1.55285 -3.53284        9.57744         1.58715         6.03435
0.328191        1.55285 -3.53284        6.86            1.58715         4.3222
0.328191        1.55285 -3.53284        5.40084         1.58715         3.40284
0.328191        1.55285 -3.53284        3.3016          1.58715         2.0802
0.328191        1.55285 -3.53284        1.68008         1.58715         1.05855
0.328191        1.55285 -3.53284        1.18289         1.58715         0.74529
0.328191        1.55285 -3.53284        2.56865         1.58715         1.6184
0.328191        1.55285 -3.53284        4.04951         1.58715         2.55143
0.328191        1.55285 -3.53284        9.11289         1.58715         5.74165
0.328191        1.55285 -3.53284        6.19778         1.58715         3.90496
0.328191        1.55285 -3.53284        10.8225         1.58715         6.81878
0.328191        1.55285 -3.53284        6.27047         1.58715         3.95076
0.328191        1.55285 -3.53284        1.77551         1.58715         1.11868
0.328191        1.55285 -3.53284        6.3305          1.58715         3.98858
0.328191        1.55285 -3.53284        2.70427         1.58715         1.70385
0.328191        1.55285 -3.53284        3.78759         1.58715         2.38641
2.92136 -0.268886       9.76328 2.27242         2.9337          0.774591
2.92136 -0.268886       9.76328 0.0495453               2.9337          0.0168883
2.92136 -0.268886       9.76328 3.34654         2.9337          1.14072
2.92136 -0.268886       9.76328 3.79414         2.9337          1.29329
2.92136 -0.268886       9.76328 6.31436         2.9337          2.15235
2.92136 -0.268886       9.76328 9.64246         2.9337          3.28679
2.92136 -0.268886       9.76328 11.9374         2.9337          4.06906
2.92136 -0.268886       9.76328 16.5193         2.9337          5.63086
2.92136 -0.268886       9.76328 18.1263         2.9337          6.17865
2.92136 -0.268886       9.76328 19.0822         2.9337          6.50448
2.92136 -0.268886       9.76328 3.67596         2.9337          1.25301
2.92136 -0.268886       9.76328 1.65237         2.9337          0.563236
2.92136 -0.268886       9.76328 25.0962         2.9337          8.55444
2.92136 -0.268886       9.76328 9.22925         2.9337          3.14594
2.92136 -0.268886       9.76328 13.6023         2.9337          4.63657
2.92136 -0.268886       9.76328 13.7164         2.9337          4.67544
2.92136 -0.268886       9.76328 8.30459         2.9337          2.83075
2.92136 -0.268886       9.76328 2.97231         2.9337          1.01316
1.82687 8.42245 14.615  36.9534         8.61831         4.28778
1.82687 8.42245 14.615  22.7454         8.61831         2.6392
1.82687 8.42245 14.615  18.2874         8.61831         2.12193
1.82687 8.42245 14.615  3.53395         8.61831         0.410052
1.82687 8.42245 14.615  4.42393         8.61831         0.513317
1.82687 8.42245 14.615  15.8679         8.61831         1.84118
1.82687 8.42245 14.615  24.7033         8.61831         2.86638
1.82687 8.42245 14.615  40.3115         8.61831         4.67742
1.82687 8.42245 14.615  47.8567         8.61831         5.55291
1.82687 8.42245 14.615  55.9077         8.61831         6.48709
1.82687 8.42245 14.615  15.8769         8.61831         1.84223
1.82687 8.42245 14.615  33.6068         8.61831         3.89946
1.82687 8.42245 14.615  25.0962         8.61831         2.91197
1.82687 8.42245 14.615  43.4128         8.61831         5.03728
1.82687 8.42245 14.615  0.506398                8.61831         0.0587584
1.82687 8.42245 14.615  19.1734         8.61831         2.22473
1.82687 8.42245 14.615  54.317          8.61831         6.30251
1.82687 8.42245 14.615  33.6795         8.61831         3.9079
-4.38168        3.56253 -11.5143        9.65883         5.64719         1.71038
-4.38168        3.56253 -11.5143        8.45045         5.64719         1.4964
-4.38168        3.56253 -11.5143        12.5143         5.64719         2.21603
-4.38168        3.56253 -11.5143        7.86295         5.64719         1.39236
-4.38168        3.56253 -11.5143        9.296           5.64719         1.64613
-4.38168        3.56253 -11.5143        10.8446         5.64719         1.92035
-4.38168        3.56253 -11.5143        11.5652         5.64719         2.04796
-4.38168        3.56253 -11.5143        13.7512         5.64719         2.43505
-4.38168        3.56253 -11.5143        13.7564         5.64719         2.43597
-4.38168        3.56253 -11.5143        12.4492         5.64719         2.20449
-4.38168        3.56253 -11.5143        0.52008         5.64719         0.0920953
-4.38168        3.56253 -11.5143        15.2174         5.64719         2.69469
-4.38168        3.56253 -11.5143        9.22925         5.64719         1.63431
-4.38168        3.56253 -11.5143        43.4128         5.64719         7.6875
-4.38168        3.56253 -11.5143        23.7163         5.64719         4.19966
-4.38168        3.56253 -11.5143        16.6762         5.64719         2.95301
-4.38168        3.56253 -11.5143        5.60961         5.64719         0.993346
-4.38168        3.56253 -11.5143        7.24413         5.64719         1.28278
1.04913 4.55961 8.11842 20.0749         4.67875         4.29065
1.04913 4.55961 8.11842 12.3272         4.67875         2.63472
1.04913 4.55961 8.11842 9.8444          4.67875         2.10407
1.04913 4.55961 8.11842 1.83887         4.67875         0.393026
1.04913 4.55961 8.11842 2.52521         4.67875         0.53972
1.04913 4.55961 8.11842 8.79509         4.67875         1.87979
1.04913 4.55961 8.11842 13.6302         4.67875         2.91323
1.04913 4.55961 8.11842 22.1825         4.67875         4.74111
1.04913 4.55961 8.11842 26.3044         4.67875         5.62211
1.04913 4.55961 8.11842 30.6874         4.67875         6.5589
1.04913 4.55961 8.11842 8.67956         4.67875         1.8551
1.04913 4.55961 8.11842 18.1818         4.67875         3.88604
1.04913 4.55961 8.11842 13.6023         4.67875         2.90726
1.04913 4.55961 8.11842 0.506398                4.67875         0.108234
1.04913 4.55961 8.11842 23.7163         4.67875         5.06894
1.04913 4.55961 8.11842 10.6689         4.67875         2.28029
1.04913 4.55961 8.11842 29.6078         4.67875         6.32814
1.04913 4.55961 8.11842 18.3145         4.67875         3.9144
-1.23343        4.80873 0.528702        18.4608         4.9644          3.71864
-1.23343        4.80873 0.528702        12.4694         4.9644          2.51176
-1.23343        4.80873 0.528702        12.5518         4.9644          2.52836
-1.23343        4.80873 0.528702        4.8302          4.9644          0.972969
-1.23343        4.80873 0.528702        2.40625         4.9644          0.484701
-1.23343        4.80873 0.528702        1.3058          4.9644          0.263034
-1.23343        4.80873 0.528702        4.38147         4.9644          0.882578
-1.23343        4.80873 0.528702        9.4116          4.9644          1.89582
-1.23343        4.80873 0.528702        12.3077         4.9644          2.47918
-1.23343        4.80873 0.528702        15.9776         4.9644          3.21845
-1.23343        4.80873 0.528702        5.8691          4.9644          1.18224
-1.23343        4.80873 0.528702        19.6302         4.9644          3.9542
-1.23343        4.80873 0.528702        13.7164         4.9644          2.76295
-1.23343        4.80873 0.528702        19.1734         4.9644          3.86219
-1.23343        4.80873 0.528702        16.6762         4.9644          3.35916
-1.23343        4.80873 0.528702        10.6689         4.9644          2.14909
-1.23343        4.80873 0.528702        23.3423         4.9644          4.70195
-1.23343        4.80873 0.528702        16.1367         4.9644          3.25049
-5.71831        3.36904 -16.2949        7.30993         6.63698         1.10139
-5.71831        3.36904 -16.2949        7.63392         6.63698         1.15021
-5.71831        3.36904 -16.2949        13.2946         6.63698         2.00311
-5.71831        3.36904 -16.2949        9.38128         6.63698         1.41349
-5.71831        3.36904 -16.2949        12.2026         6.63698         1.83857
-5.71831        3.36904 -16.2949        15.6188         6.63698         2.3533
-5.71831        3.36904 -16.2949        17.6622         6.63698         2.66118
-5.71831        3.36904 -16.2949        22.414          6.63698         3.37714
-5.71831        3.36904 -16.2949        23.3955         6.63698         3.52502
-5.71831        3.36904 -16.2949        22.8002         6.63698         3.43533
-5.71831        3.36904 -16.2949        2.70225         6.63698         0.407151
-5.71831        3.36904 -16.2949        14.6971         6.63698         2.21443
-5.71831        3.36904 -16.2949        8.30459         6.63698         1.25126
-5.71831        3.36904 -16.2949        54.317          6.63698         8.184
-5.71831        3.36904 -16.2949        5.60961         6.63698         0.845206
-5.71831        3.36904 -16.2949        29.6078         6.63698         4.46104
-5.71831        3.36904 -16.2949        23.3423         6.63698         3.51701
-5.71831        3.36904 -16.2949        4.71175         6.63698         0.709925
-3.70413        1.35838 -11.3715        1.32702         3.94535         0.33635
-3.70413        1.35838 -11.3715        2.76038         3.94535         0.699655
-3.70413        1.35838 -11.3715        6.65701         3.94535         1.68731
-3.70413        1.35838 -11.3715        5.51035         3.94535         1.39667
-3.70413        1.35838 -11.3715        7.95            3.94535         2.01503
-3.70413        1.35838 -11.3715        11.061          3.94535         2.80355
-3.70413        1.35838 -11.3715        13.0944         3.94535         3.31894
-3.70413        1.35838 -11.3715        17.3948         3.94535         4.40892
-3.70413        1.35838 -11.3715        18.6578         3.94535         4.72906
-3.70413        1.35838 -11.3715        18.9871         3.94535         4.81253
-3.70413        1.35838 -11.3715        3.05279         3.94535         0.773768
-3.70413        1.35838 -11.3715        6.19778         3.94535         1.57091
-3.70413        1.35838 -11.3715        2.97231         3.94535         0.753371
-3.70413        1.35838 -11.3715        33.6795         3.94535         8.5365
-3.70413        1.35838 -11.3715        7.24413         3.94535         1.83612
-3.70413        1.35838 -11.3715        18.3145         3.94535         4.64205
-3.70413        1.35838 -11.3715        16.1367         3.94535         4.09006
-3.70413        1.35838 -11.3715        4.71175         3.94535         1.19425
-1.09448        8.69134 29.9479 9.58475         8.75998         1.09415
-1.09448        8.69134 29.9479 2.30124         8.75998         0.262699
-1.09448        8.69134 29.9479 3.46224         8.75998         0.395233
-1.09448        8.69134 29.9479 17.7681         8.75998         2.02833
-1.09448        8.69134 29.9479 23.2058         8.75998         2.64907
-1.09448        8.69134 29.9479 31.3216         8.75998         3.57554
-1.09448        8.69134 29.9479 37.8621         8.75998         4.32217
-1.09448        8.69134 29.9479 48.8884         8.75998         5.58088
-1.09448        8.69134 29.9479 54.8265         8.75998         6.25875
-1.09448        8.69134 29.9479 61.9217         8.75998         7.0687
-1.09448        8.69134 29.9479 12.8953         8.75998         1.47207
-1.09448        8.69134 29.9479 60.3554         8.75998         6.88989
-1.09448        8.69134 29.9479 25.0962         8.75998         2.86487
-1.09448        8.69134 29.9479 59.2797         8.75998         6.76711
-1.09448        8.69134 29.9479 10.9875         8.75998         1.25428
-1.09448        8.69134 29.9479 30.5533         8.75998         3.48782
-1.09448        8.69134 29.9479 71.1086         8.75998         8.11744
-1.09448        8.69134 29.9479 55.8034         8.75998         6.37026
-7.30303        3.83142 -12.0484        1.84284         8.24707         0.223454
-7.30303        3.83142 -12.0484        0.729264                8.24707         0.0884271
-7.30303        3.83142 -12.0484        6.63161         8.24707         0.804117
-7.30303        3.83142 -12.0484        2.42784         8.24707         0.294388
-7.30303        3.83142 -12.0484        6.3811          8.24707         0.773742
-7.30303        3.83142 -12.0484        11.2578         8.24707         1.36506
-7.30303        3.83142 -12.0484        14.2734         8.24707         1.73072
-7.30303        3.83142 -12.0484        21.0412         8.24707         2.55136
-7.30303        3.83142 -12.0484        22.6535         8.24707         2.74685
-7.30303        3.83142 -12.0484        22.3021         8.24707         2.70425
-7.30303        3.83142 -12.0484        13.4253         8.24707         1.62789
-7.30303        3.83142 -12.0484        26.099          8.24707         3.16464
-7.30303        3.83142 -12.0484        9.22925         8.24707         1.1191
-7.30303        3.83142 -12.0484        59.2797         8.24707         7.18798
-7.30303        3.83142 -12.0484        28.0894         8.24707         3.40598
-7.30303        3.83142 -12.0484        21.1633         8.24707         2.56616
-7.30303        3.83142 -12.0484        6.53428         8.24707         0.792316
-7.30303        3.83142 -12.0484        13.5011         8.24707         1.63708
-1.87223        4.82849 11.9575 4.20011         5.17876         0.811025
-1.87223        4.82849 11.9575 1.2256          5.17876         0.236659
-1.87223        4.82849 11.9575 0.411394                5.17876         0.0794387
-1.87223        4.82849 11.9575 7.96932         5.17876         1.53885
-1.87223        4.82849 11.9575 9.81319         5.17876         1.89489
-1.87223        4.82849 11.9575 12.755          5.17876         2.46294
-1.87223        4.82849 11.9575 15.2952         5.17876         2.95344
-1.87223        4.82849 11.9575 19.2655         5.17876         3.7201
-1.87223        4.82849 11.9575 21.7804         5.17876         4.20572
-1.87223        4.82849 11.9575 25.2075         5.17876         4.86748
-1.87223        4.82849 11.9575 8.59874         5.17876         1.66038
-1.87223        4.82849 11.9575 33.4365         5.17876         6.45646
-1.87223        4.82849 11.9575 13.6023         5.17876         2.62656
-1.87223        4.82849 11.9575 10.9875         5.17876         2.12164
-1.87223        4.82849 11.9575 28.0894         5.17876         5.42395
-1.87223        4.82849 11.9575 10.5549         5.17876         2.03811
-1.87223        4.82849 11.9575 34.9055         5.17876         6.74013
-1.87223        4.82849 11.9575 28.9445         5.17876         5.58908
-4.15478        5.07762 4.48179 2.47201         6.56083         0.376783
-4.15478        5.07762 4.48179 1.19743         6.56083         0.182512
-4.15478        5.07762 4.48179 2.18194         6.56083         0.332572
-4.15478        5.07762 4.48179 5.09202         6.56083         0.776125
-4.15478        5.07762 4.48179 4.99576         6.56083         0.761453
-4.15478        5.07762 4.48179 5.37971         6.56083         0.819974
-4.15478        5.07762 4.48179 6.16043         6.56083         0.938971
-4.15478        5.07762 4.48179 6.60869         6.56083         1.0073
-4.15478        5.07762 4.48179 7.89769         6.56083         1.20376
-4.15478        5.07762 4.48179 10.6118         6.56083         1.61745
-4.15478        5.07762 4.48179 11.5232         6.56083         1.75637
-4.15478        5.07762 4.48179 34.999          6.56083         5.33454
-4.15478        5.07762 4.48179 13.7164         6.56083         2.09065
-4.15478        5.07762 4.48179 30.5533         6.56083         4.65693
-4.15478        5.07762 4.48179 21.1633         6.56083         3.22571
-4.15478        5.07762 4.48179 10.5549         6.56083         1.60877
-4.15478        5.07762 4.48179 28.7541         6.56083         4.3827
-4.15478        5.07762 4.48179 26.8808         6.56083         4.09716
-8.63966        3.63793 -17.7536        3.26707         9.37434         0.348512
-8.63966        3.63793 -17.7536        0.621119                9.37434         0.0662573
-8.63966        3.63793 -17.7536        8.33654         9.37434         0.889293
-8.63966        3.63793 -17.7536        4.87083         9.37434         0.519592
-8.63966        3.63793 -17.7536        10.2123         9.37434         1.08939
-8.63966        3.63793 -17.7536        16.9567         9.37434         1.80884
-8.63966        3.63793 -17.7536        21.295          9.37434         2.27162
-8.63966        3.63793 -17.7536        30.6287         9.37434         3.26729
-8.63966        3.63793 -17.7536        33.2172         9.37434         3.54342
-8.63966        3.63793 -17.7536        33.5779         9.37434         3.58189
-8.63966        3.63793 -17.7536        14.6828         9.37434         1.56628
-8.63966        3.63793 -17.7536        24.6541         9.37434         2.62995
-8.63966        3.63793 -17.7536        8.30459         9.37434         0.885885
-8.63966        3.63793 -17.7536        71.1086         9.37434         7.58545
-8.63966        3.63793 -17.7536        6.53428         9.37434         0.697039
-8.63966        3.63793 -17.7536        34.9055         9.37434         3.72352
-8.63966        3.63793 -17.7536        28.7541         9.37434         3.06732
-8.63966        3.63793 -17.7536        10.044          9.37434         1.07144
-6.62549        1.62726 -18.1625        3.91772         6.8224          0.574244
-6.62549        1.62726 -18.1625        0.162384                6.8224          0.0238016
-6.62549        1.62726 -18.1625        7.03124         6.8224          1.03061
-6.62549        1.62726 -18.1625        6.33218         6.8224          0.928146
-6.62549        1.62726 -18.1625        11.292          6.8224          1.65514
-6.62549        1.62726 -18.1625        17.7311         6.8224          2.59896
-6.62549        1.62726 -18.1625        22.0595         6.8224          3.23339
-6.62549        1.62726 -18.1625        30.9417         6.8224          4.53531
-6.62549        1.62726 -18.1625        33.8118         6.8224          4.956
-6.62549        1.62726 -18.1625        35.097          6.8224          5.14439
-6.62549        1.62726 -18.1625        9.70106         6.8224          1.42194
-6.62549        1.62726 -18.1625        10.8225         6.8224          1.58631
-6.62549        1.62726 -18.1625        2.97231         6.8224          0.43567
-6.62549        1.62726 -18.1625        55.8034         6.8224          8.17944
-6.62549        1.62726 -18.1625        13.5011         6.8224          1.97893
-6.62549        1.62726 -18.1625        28.9445         6.8224          4.24257
-6.62549        1.62726 -18.1625        26.8808         6.8224          3.94008
-6.62549        1.62726 -18.1625        10.044          6.8224          1.47221
-6.20855        -4.85992        17.2835 70.7073         7.88448         8.96792
-6.20855        -4.85992        17.2835 57.7078         7.88448         7.31916
-6.20855        -4.85992        17.2835 49.1859         7.88448         6.23832
-6.20855        -4.85992        17.2835 39.0838         7.88448         4.95706
-6.20855        -4.85992        17.2835 29.6929         7.88448         3.76599
-6.20855        -4.85992        17.2835 16.7003         7.88448         2.11813
-6.20855        -4.85992        17.2835 7.14427         7.88448         0.906118
-6.20855        -4.85992        17.2835 10.6499         7.88448         1.35074
-6.20855        -4.85992        17.2835 18.2003         7.88448         2.30837
-6.20855        -4.85992        17.2835 24.9441         7.88448         3.16369
-6.20855        -4.85992        17.2835 59.8097         7.88448         7.58576
-6.20855        -4.85992        17.2835 25.0234         7.88448         3.17376
-6.20855        -4.85992        17.2835 43.4128         7.88448         5.50611
-6.20855        -4.85992        17.2835 59.2797         7.88448         7.51854
-6.20855        -4.85992        17.2835 20.2029         7.88448         2.56236
-6.20855        -4.85992        17.2835 7.56316         7.88448         0.959247
-6.20855        -4.85992        17.2835 5.29459         7.88448         0.671521
-6.20855        -4.85992        17.2835 16.9774         7.88448         2.15327
-0.777747       -3.86285        -7.00293        16.3721         3.94037         4.15498
-0.777747       -3.86285        -7.00293        9.91183         3.94037         2.51546
-0.777747       -3.86285        -7.00293        7.93664         3.94037         2.01419
-0.777747       -3.86285        -7.00293        1.18868         3.94037         0.301669
-0.777747       -3.86285        -7.00293        2.40511         3.94037         0.610378
-0.777747       -3.86285        -7.00293        7.57921         3.94037         1.92348
-0.777747       -3.86285        -7.00293        11.5795         3.94037         2.93867
-0.777747       -3.86285        -7.00293        18.6354         3.94037         4.72936
-0.777747       -3.86285        -7.00293        22.0586         3.94037         5.59812
-0.777747       -3.86285        -7.00293        25.7267         3.94037         6.529
-0.777747       -3.86285        -7.00293        6.69092         3.94037         1.69804
-0.777747       -3.86285        -7.00293        15.9314         3.94037         4.04313
-0.777747       -3.86285        -7.00293        0.506398                3.94037         0.128516
-0.777747       -3.86285        -7.00293        10.9875         3.94037         2.78844
-0.777747       -3.86285        -7.00293        20.2029         3.94037         5.12716
-0.777747       -3.86285        -7.00293        9.01092         3.94037         2.28682
-0.777747       -3.86285        -7.00293        25.2156         3.94037         6.39931
-0.777747       -3.86285        -7.00293        15.8714         3.94037         4.02789
-3.0603 -3.61372        5.08719 37.666          4.73545         7.95406
-3.0603 -3.61372        5.08719 29.4495         4.73545         6.21894
-3.0603 -3.61372        5.08719 24.9091         4.73545         5.26014
-3.0603 -3.61372        5.08719 17.8772         4.73545         3.77519
-3.0603 -3.61372        5.08719 12.3433         4.73545         2.60657
-3.0603 -3.61372        5.08719 4.61135         4.73545         0.973794
-3.0603 -3.61372        5.08719 1.14839         4.73545         0.242509
-3.0603 -3.61372        5.08719 11.7264         4.73545         2.47631
-3.0603 -3.61372        5.08719 16.3756         4.73545         3.45808
-3.0603 -3.61372        5.08719 20.7566         4.73545         4.38325
-3.0603 -3.61372        5.08719 29.1812         4.73545         6.1623
-3.0603 -3.61372        5.08719 5.1969          4.73545         1.09745
-3.0603 -3.61372        5.08719 19.1734         4.73545         4.04892
-3.0603 -3.61372        5.08719 30.5533         4.73545         6.45204
-3.0603 -3.61372        5.08719 7.56316         4.73545         1.59714
-3.0603 -3.61372        5.08719 9.01092         4.73545         1.90287
-3.0603 -3.61372        5.08719 11.8012         4.73545         2.4921
-3.0603 -3.61372        5.08719 1.63069         4.73545         0.344358
-7.54518        -5.05342        23.4071 83.9604         9.08112         9.2456
-7.54518        -5.05342        23.4071 69.4285         9.08112         7.64537
-7.54518        -5.05342        23.4071 59.3098         9.08112         6.53111
-7.54518        -5.05342        23.4071 48.4697         9.08112         5.33741
-7.54518        -5.05342        23.4071 37.6905         9.08112         4.15042
-7.54518        -5.05342        23.4071 22.8303         9.08112         2.51404
-7.54518        -5.05342        23.4071 11.9515         9.08112         1.31608
-7.54518        -5.05342        23.4071 8.40852         9.08112         0.925934
-7.54518        -5.05342        23.4071 16.9352         9.08112         1.86487
-7.54518        -5.05342        23.4071 24.3909         9.08112         2.6859
-7.54518        -5.05342        23.4071 72.8961         9.08112         8.02721
-7.54518        -5.05342        23.4071 35.4073         9.08112         3.899
-7.54518        -5.05342        23.4071 54.317          9.08112         5.98131
-7.54518        -5.05342        23.4071 71.1086         9.08112         7.83038
-7.54518        -5.05342        23.4071 5.29459         9.08112         0.583032
-7.54518        -5.05342        23.4071 25.2156         9.08112         2.77671
-7.54518        -5.05342        23.4071 11.8012         9.08112         1.29953
-7.54518        -5.05342        23.4071 25.3493         9.08112         2.79142
-5.53101        -7.06408        7.69301 69.3058         8.9718          7.72485
-5.53101        -7.06408        7.69301 53.6645         8.9718          5.98146
-5.53101        -7.06408        7.69301 45.3099         8.9718          5.05026
-5.53101        -7.06408        7.69301 31.7031         8.9718          3.53364
-5.53101        -7.06408        7.69301 21.3055         8.9718          2.37472
-5.53101        -7.06408        7.69301 6.7506          8.9718          0.752424
-5.53101        -7.06408        7.69301 4.11822         8.9718          0.459019
-5.53101        -7.06408        7.69301 24.0267         8.9718          2.67803
-5.53101        -7.06408        7.69301 32.835          8.9718          3.6598
-5.53101        -7.06408        7.69301 41.2153         8.9718          4.59388
-5.53101        -7.06408        7.69301 52.6091         8.9718          5.86383
-5.53101        -7.06408        7.69301 6.27047         8.9718          0.698909
-5.53101        -7.06408        7.69301 33.6795         8.9718          3.75393
-5.53101        -7.06408        7.69301 55.8034         8.9718          6.21986
-5.53101        -7.06408        7.69301 16.9774         8.9718          1.89231
-5.53101        -7.06408        7.69301 15.8714         8.9718          1.76903
-5.53101        -7.06408        7.69301 1.63069         8.9718          0.181757
-5.53101        -7.06408        7.69301 25.3493         8.9718          2.82544
5.43081 0.997074        -4.08353        34.1323         5.52158         6.18162
5.43081 0.997074        -4.08353        27.593          5.52158         4.99731
5.43081 0.997074        -4.08353        21.0464         5.52158         3.81166
5.43081 0.997074        -4.08353        17.6922         5.52158         3.20419
5.43081 0.997074        -4.08353        11.8951         5.52158         2.15429
5.43081 0.997074        -4.08353        4.07664         5.52158         0.738312
5.43081 0.997074        -4.08353        1.47918         5.52158         0.267892
5.43081 0.997074        -4.08353        12.2174         5.52158         2.21266
5.43081 0.997074        -4.08353        16.3445         5.52158         2.96012
5.43081 0.997074        -4.08353        19.4203         5.52158         3.51717
5.43081 0.997074        -4.08353        32.9159         5.52158         5.96133
5.43081 0.997074        -4.08353        20.7519         5.52158         3.75833
5.43081 0.997074        -4.08353        23.7163         5.52158         4.2952
5.43081 0.997074        -4.08353        28.0894         5.52158         5.0872
5.43081 0.997074        -4.08353        20.2029         5.52158         3.6589
5.43081 0.997074        -4.08353        3.62882         5.52158         0.657208
5.43081 0.997074        -4.08353        0.281888                5.52158         0.0510522
5.43081 0.997074        -4.08353        12.6459         5.52158         2.29027
3.14825 1.2462  -4.63316        25.4781         3.38593         7.52472
3.14825 1.2462  -4.63316        20.6951         3.38593         6.11211
3.14825 1.2462  -4.63316        16.7136         3.38593         4.93621
3.14825 1.2462  -4.63316        13.6434         3.38593         4.02946
3.14825 1.2462  -4.63316        9.78644         3.38593         2.89033
3.14825 1.2462  -4.63316        4.52583         3.38593         1.33666
3.14825 1.2462  -4.63316        0.729498                3.38593         0.21545
3.14825 1.2462  -4.63316        6.48662         3.38593         1.91576
3.14825 1.2462  -4.63316        9.38785         3.38593         2.77261
3.14825 1.2462  -4.63316        11.7506         3.38593         3.47043
3.14825 1.2462  -4.63316        23.0654         3.38593         6.81213
3.14825 1.2462  -4.63316        12.2634         3.38593         3.62187
3.14825 1.2462  -4.63316        16.6762         3.38593         4.92515
3.14825 1.2462  -4.63316        21.1633         3.38593         6.25037
3.14825 1.2462  -4.63316        7.56316         3.38593         2.2337
3.14825 1.2462  -4.63316        3.62882         3.38593         1.07174
3.14825 1.2462  -4.63316        1.05654         3.38593         0.312038
3.14825 1.2462  -4.63316        7.78359         3.38593         2.29881
-1.33663        -0.193494       0.82902 7.95851         1.35056         5.89274
-1.33663        -0.193494       0.82902 6.42613         1.35056         4.75812
-1.33663        -0.193494       0.82902 4.82935         1.35056         3.57581
-1.33663        -0.193494       0.82902 4.09128         1.35056         3.02932
-1.33663        -0.193494       0.82902 2.70305         1.35056         2.00143
-1.33663        -0.193494       0.82902 0.835351                1.35056         0.618522
-1.33663        -0.193494       0.82902 0.487334                1.35056         0.360838
-1.33663        -0.193494       0.82902 3.05322         1.35056         2.2607
-1.33663        -0.193494       0.82902 4.02948         1.35056         2.98356
-1.33663        -0.193494       0.82902 4.74145         1.35056         3.51073
-1.33663        -0.193494       0.82902 7.79178         1.35056         5.76929
-1.33663        -0.193494       0.82902 5.08932         1.35056         3.7683
-1.33663        -0.193494       0.82902 5.60961         1.35056         4.15354
-1.33663        -0.193494       0.82902 6.53428         1.35056         4.8382
-1.33663        -0.193494       0.82902 5.29459         1.35056         3.92029
-1.33663        -0.193494       0.82902 0.281889                1.35056         0.20872
-1.33663        -0.193494       0.82902 1.05654         1.35056         0.782295
-1.33663        -0.193494       0.82902 3.07724         1.35056         2.27849
0.677545        -2.20416        7.38694 15.5759         2.30594         6.7547
0.677545        -2.20416        7.38694 12.9342         2.30594         5.60907
0.677545        -2.20416        7.38694 13.1014         2.30594         5.6816
0.677545        -2.20416        7.38694 9.59673         2.30594         4.16174
0.677545        -2.20416        7.38694 8.59012         2.30594         3.72521
0.677545        -2.20416        7.38694 7.0277          2.30594         3.04765
0.677545        -2.20416        7.38694 5.71495         2.30594         2.47836
0.677545        -2.20416        7.38694 3.60058         2.30594         1.56143
0.677545        -2.20416        7.38694 2.3427          2.30594         1.01594
0.677545        -2.20416        7.38694 0.706169                2.30594         0.306239
0.677545        -2.20416        7.38694 9.77683         2.30594         4.23984
0.677545        -2.20416        7.38694 1.77551         2.30594         0.769972
0.677545        -2.20416        7.38694 7.24413         2.30594         3.1415
0.677545        -2.20416        7.38694 13.5011         2.30594         5.8549
0.677545        -2.20416        7.38694 16.9774         2.30594         7.36247
0.677545        -2.20416        7.38694 12.6459         2.30594         5.48405
0.677545        -2.20416        7.38694 7.78359         2.30594         3.37545
0.677545        -2.20416        7.38694 3.07724         2.30594         1.33448
-2.28256        0.249124        3.0792  12.283          2.29611         5.34948
-2.28256        0.249124        3.0792  10.5267         2.29611         4.58459
-2.28256        0.249124        3.0792  7.96155         2.29611         3.46741
-2.28256        0.249124        3.0792  7.67759         2.29611         3.34374
-2.28256        0.249124        3.0792  5.73746         2.29611         2.49877
-2.28256        0.249124        3.0792  3.17964         2.29611         1.38479
-2.28256        0.249124        3.0792  1.42014         2.29611         0.618499
-2.28256        0.249124        3.0792  2.10193         2.29611         0.915429
-2.28256        0.249124        3.0792  3.32786         2.29611         1.44934
-2.28256        0.249124        3.0792  4.04087         2.29611         1.75988
-2.28256        0.249124        3.0792  13.4794         2.29611         5.87053
-2.28256        0.249124        3.0792  12.1174         2.29611         5.27735
-2.28256        0.249124        3.0792  10.6689         2.29611         4.64652
-2.28256        0.249124        3.0792  10.5549         2.29611         4.59686
-2.28256        0.249124        3.0792  9.01092         2.29611         3.92443
-2.28256        0.249124        3.0792  3.62882         2.29611         1.58042
-2.28256        0.249124        3.0792  4.40347         2.29611         1.9178
-2.28256        0.249124        3.0792  8.49114         2.29611         3.69805
-6.76743        -1.19057        5.19444 42.3727         6.87136         6.16657
-6.76743        -1.19057        5.19444 34.3011         6.87136         4.99189
-6.76743        -1.19057        5.19444 26.1576         6.87136         3.80676
-6.76743        -1.19057        5.19444 22.0654         6.87136         3.21121
-6.76743        -1.19057        5.19444 14.88           6.87136         2.16551
-6.76743        -1.19057        5.19444 5.19388         6.87136         0.755874
-6.76743        -1.19057        5.19444 1.68463         6.87136         0.245167
-6.76743        -1.19057        5.19444 14.9887         6.87136         2.18133
-6.76743        -1.19057        5.19444 20.0921         6.87136         2.92404
-6.76743        -1.19057        5.19444 23.8799         6.87136         3.47528
-6.76743        -1.19057        5.19444 40.9896         6.87136         5.96528
-6.76743        -1.19057        5.19444 26.1231         6.87136         3.80174
-6.76743        -1.19057        5.19444 29.6078         6.87136         4.30887
-6.76743        -1.19057        5.19444 34.9055         6.87136         5.07986
-6.76743        -1.19057        5.19444 25.2156         6.87136         3.66967
-6.76743        -1.19057        5.19444 0.281889                6.87136         0.0410238
-6.76743        -1.19057        5.19444 4.40347         6.87136         0.640844
-6.76743        -1.19057        5.19444 16.005          6.87136         2.32924
-4.75326        -3.20123        -1.17543        37.0623         5.73074         6.46729
-4.75326        -3.20123        -1.17543        27.8813         5.73074         4.86522
-4.75326        -3.20123        -1.17543        21.5019         5.73074         3.75203
-4.75326        -3.20123        -1.17543        14.643          5.73074         2.55517
-4.75326        -3.20123        -1.17543        7.83929         5.73074         1.36794
-4.75326        -3.20123        -1.17543        1.54156         5.73074         0.268999
-4.75326        -3.20123        -1.17543        8.41015         5.73074         1.46755
-4.75326        -3.20123        -1.17543        21.2627         5.73074         3.71029
-4.75326        -3.20123        -1.17543        26.6477         5.73074         4.64997
-4.75326        -3.20123        -1.17543        31.3601         5.73074         5.47225
-4.75326        -3.20123        -1.17543        30.0468         5.73074         5.2431
-4.75326        -3.20123        -1.17543        6.3305          5.73074         1.10466
-4.75326        -3.20123        -1.17543        18.3145         5.73074         3.19584
-4.75326        -3.20123        -1.17543        28.9445         5.73074         5.05075
-4.75326        -3.20123        -1.17543        15.8714         5.73074         2.76952
-4.75326        -3.20123        -1.17543        12.6459         5.73074         2.20668
-4.75326        -3.20123        -1.17543        8.49114         5.73074         1.48168
-4.75326        -3.20123        -1.17543        16.005          5.73074         2.79284
-4.48488        -1.43969        6.51871 34.4932         4.71029         7.32294
-4.48488        -1.43969        6.51871 28.1778         4.71029         5.98218
-4.48488        -1.43969        6.51871 22.5995         4.71029         4.7979
-4.48488        -1.43969        6.51871 18.7913         4.71029         3.9894
-4.48488        -1.43969        6.51871 13.546          4.71029         2.87584
-4.48488        -1.43969        6.51871 6.41772         4.71029         1.36249
-4.48488        -1.43969        6.51871 1.2987          4.71029         0.275715
-4.48488        -1.43969        6.51871 8.4833          4.71029         1.80101
-4.48488        -1.43969        6.51871 12.3608         4.71029         2.62421
-4.48488        -1.43969        6.51871 15.4355         4.71029         3.27698
-4.48488        -1.43969        6.51871 31.9137         4.71029         6.77531
-4.48488        -1.43969        6.51871 18.4092         4.71029         3.9083
-4.48488        -1.43969        6.51871 23.3423         4.71029         4.9556
-4.48488        -1.43969        6.51871 28.7541         4.71029         6.10453
-4.48488        -1.43969        6.51871 11.8012         4.71029         2.50541
-4.48488        -1.43969        6.51871 1.05654         4.71029         0.224304
-4.48488        -1.43969        6.51871 4.40347         4.71029         0.934862
-4.48488        -1.43969        6.51871 11.9174         4.71029         2.53007
-2.47071        -3.45036        4.23651 33.2705         4.24374         7.8399
-2.47071        -3.45036        4.23651 25.8457         4.24374         6.09032
-2.47071        -3.45036        4.23651 22.0315         4.24374         5.19152
-2.47071        -3.45036        4.23651 15.4566         4.24374         3.64221
-2.47071        -3.45036        4.23651 10.593          4.24374         2.49614
-2.47071        -3.45036        4.23651 3.76994         4.24374         0.888353
-2.47071        -3.45036        4.23651 1.33915         4.24374         0.315558
-2.47071        -3.45036        4.23651 10.6696         4.24374         2.5142
-2.47071        -3.45036        4.23651 14.8287         4.24374         3.49426
-2.47071        -3.45036        4.23651 18.828          4.24374         4.43666
-2.47071        -3.45036        4.23651 25.0586         4.24374         5.90484
-2.47071        -3.45036        4.23651 2.70426         4.24374         0.637236
-2.47071        -3.45036        4.23651 16.1367         4.24374         3.80248
-2.47071        -3.45036        4.23651 26.8808         4.24374         6.33422
-2.47071        -3.45036        4.23651 1.63069         4.24374         0.384257
-2.47071        -3.45036        4.23651 7.78359         4.24374         1.83413
-2.47071        -3.45036        4.23651 8.49114         4.24374         2.00086
-2.47071        -3.45036        4.23651 11.9174         4.24374         2.80822
2.01417 -2.01066        9.63516 10.6947         2.84599         3.7578
2.01417 -2.01066        9.63516 9.58529         2.84599         3.368
2.01417 -2.01066        9.63516 11.3493         2.84599         3.98783
2.01417 -2.01066        9.63516 8.58269         2.84599         3.01571
2.01417 -2.01066        9.63516 8.96431         2.84599         3.1498
2.01417 -2.01066        9.63516 9.26959         2.84599         3.25707
2.01417 -2.01066        9.63516 9.27952         2.84599         3.26056
2.01417 -2.01066        9.63516 9.73103         2.84599         3.41921
2.01417 -2.01066        9.63516 9.44942         2.84599         3.32026
2.01417 -2.01066        9.63516 8.52486         2.84599         2.99539
2.01417 -2.01066        9.63516 5.06229         2.84599         1.77875
2.01417 -2.01066        9.63516 3.78759         2.84599         1.33085
2.01417 -2.01066        9.63516 4.71175         2.84599         1.65558
2.01417 -2.01066        9.63516 10.044          2.84599         3.52919
2.01417 -2.01066        9.63516 25.3493         2.84599         8.90701
2.01417 -2.01066        9.63516 3.07724         2.84599         1.08125
2.01417 -2.01066        9.63516 16.005          2.84599         5.62372
2.01417 -2.01066        9.63516 11.9174         2.84599         4.18742